#Initial Normalized size distribution
#(1)Block numbe            (2)t(s)                (3)r      (4)csd_f(norm)     (5)csd_m(kind1-norm (6)csd_m(kind2-norm
              0            0.000000        0.2500000000        0.0000000000        0.0000000000        0.0000000000
              0            0.000000        0.7500000000        0.1014807900        0.1014807900        0.0000000000
              0            0.000000        1.2500000000        0.1034614700        0.1034614700        0.0000000000
              0            0.000000        1.7500000000        0.1516832200        0.1516832200        0.0000000000
              0            0.000000        2.2500000000        0.0705135400        0.0705135400        0.0000000000
              0            0.000000        2.7500000000        0.0269743700        0.0269743700        0.0000000000
              0            0.000000        3.2500000000        0.0168557100        0.0168557100        0.0000000000
              0            0.000000        3.7500000000        0.0048957400        0.0048957400        0.0000000000
              0            0.000000        4.2500000000        0.0063320200        0.0063320200        0.0000000000
              0            0.000000        4.7500000000        0.0036720800        0.0036720800        0.0000000000
              0            0.000000        5.2500000000        0.0014751700        0.0014751700        0.0000000000
              0            0.000000        5.7500000000        0.0000000000        0.0000000000        0.0011849320
              0            0.000000        6.2500000000        0.0000000000        0.0000000000        0.0017664551
              0            0.000000        6.7500000000        0.0000000000        0.0000000000        0.0017471787
              0            0.000000        7.2500000000        0.0000000000        0.0000000000        0.0028588069
              0            0.000000        7.7500000000        0.0000000000        0.0000000000        0.0031626646
              0            0.000000        8.2500000000        0.0000000000        0.0000000000        0.0028245390
              0            0.000000        8.7500000000        0.0000000000        0.0000000000        0.0031975446
              0            0.000000        9.2500000000        0.0000000000        0.0000000000        0.0029764410
              0            0.000000        9.7500000000        0.0000000000        0.0000000000        0.0042838074
              0            0.000000       10.2500000000        0.0000000000        0.0000000000        0.0032079184
              0            0.000000       10.7500000000        0.0000000000        0.0000000000        0.0030178825
              0            0.000000       11.2500000000        0.0000000000        0.0000000000        0.0048265952
              0            0.000000       11.7500000000        0.0000000000        0.0000000000        0.0036261884
              0            0.000000       12.2500000000        0.0000000000        0.0000000000        0.0025542942
              0            0.000000       12.7500000000        0.0000000000        0.0000000000        0.0046955590
              0            0.000000       13.2500000000        0.0000000000        0.0000000000        0.0046810185
              0            0.000000       13.7500000000        0.0000000000        0.0000000000        0.0050608325
              0            0.000000       14.2500000000        0.0000000000        0.0000000000        0.0093398396
              0            0.000000       14.7500000000        0.0000000000        0.0000000000        0.0068469505
              0            0.000000       15.2500000000        0.0000000000        0.0000000000        0.0079612742
              0            0.000000       15.7500000000        0.0000000000        0.0000000000        0.0060817383
              0            0.000000       16.2500000000        0.0000000000        0.0000000000        0.0130883873
              0            0.000000       16.7500000000        0.0000000000        0.0000000000        0.0075639987
              0            0.000000       17.2500000000        0.0000000000        0.0000000000        0.0059117090
              0            0.000000       17.7500000000        0.0000000000        0.0000000000        0.0093941785
              0            0.000000       18.2500000000        0.0000000000        0.0000000000        0.0066107695
              0            0.000000       18.7500000000        0.0000000000        0.0000000000        0.0025980231
              0            0.000000       19.2500000000        0.0000000000        0.0000000000        0.0102341121
              0            0.000000       19.7500000000        0.0000000000        0.0000000000        0.0107435019
              0            0.000000       20.2500000000        0.0000000000        0.0000000000        0.0081660761
              0            0.000000       20.7500000000        0.0000000000        0.0000000000        0.0075960651
              0            0.000000       21.2500000000        0.0000000000        0.0000000000        0.0102514018
              0            0.000000       21.7500000000        0.0000000000        0.0000000000        0.0107261263
              0            0.000000       22.2500000000        0.0000000000        0.0000000000        0.0200324498
              0            0.000000       22.7500000000        0.0000000000        0.0000000000        0.0065973352
              0            0.000000       23.2500000000        0.0000000000        0.0000000000        0.0082574428
              0            0.000000       23.7500000000        0.0000000000        0.0000000000        0.0172371528
              0            0.000000       24.2500000000        0.0000000000        0.0000000000        0.0059681850
              0            0.000000       24.7500000000        0.0000000000        0.0000000000        0.0093966270
              0            0.000000       25.2500000000        0.0000000000        0.0000000000        0.0146894308
              0            0.000000       25.7500000000        0.0000000000        0.0000000000        0.0172235466
              0            0.000000       26.2500000000        0.0000000000        0.0000000000        0.0124665503
              0            0.000000       26.7500000000        0.0000000000        0.0000000000        0.0146898819
              0            0.000000       27.2500000000        0.0000000000        0.0000000000        0.0134246872
              0            0.000000       27.7500000000        0.0000000000        0.0000000000        0.0079039176
              0            0.000000       28.2500000000        0.0000000000        0.0000000000        0.0143120331
              0            0.000000       28.7500000000        0.0000000000        0.0000000000        0.0150052194
              0            0.000000       29.2500000000        0.0000000000        0.0000000000        0.0198054721
              0            0.000000       29.7500000000        0.0000000000        0.0000000000        0.0184358199
              0            0.000000       30.2500000000        0.0000000000        0.0000000000        0.0142067917
              0            0.000000       30.7500000000        0.0000000000        0.0000000000        0.0171269930
              0            0.000000       31.2500000000        0.0000000000        0.0000000000        0.0178145951
              0            0.000000       31.7500000000        0.0000000000        0.0000000000        0.0157541514
              0            0.000000       32.2500000000        0.0000000000        0.0000000000        0.0326536298
              0            0.000000       32.7500000000        0.0000000000        0.0000000000        0.0140004112
              0            0.000000       33.2500000000        0.0000000000        0.0000000000        0.0232910022
              0            0.000000       33.7500000000        0.0000000000        0.0000000000        0.0149725838
              0            0.000000       34.2500000000        0.0000000000        0.0000000000        0.0183668653
              0            0.000000       34.7500000000        0.0000000000        0.0000000000        0.0095299507
              0            0.000000       35.2500000000        0.0000000000        0.0000000000        0.0065127662
              0            0.000000       35.7500000000        0.0000000000        0.0000000000        0.0202377994
              0            0.000000       36.2500000000        0.0000000000        0.0000000000        0.0103925649
              0            0.000000       36.7500000000        0.0000000000        0.0000000000        0.0071494014
              0            0.000000       37.2500000000        0.0000000000        0.0000000000        0.0037133777
              0            0.000000       37.7500000000        0.0000000000        0.0000000000        0.0074964402
              0            0.000000       38.2500000000        0.0000000000        0.0000000000        0.0195202894
              0            0.000000       38.7500000000        0.0000000000        0.0000000000        0.0079818714
              0            0.000000       39.2500000000        0.0000000000        0.0000000000        0.0000000000
              0            0.000000       39.7500000000        0.0000000000        0.0000000000        0.0126590883
              0            0.000000       40.2500000000        0.0000000000        0.0000000000        0.0172232996
              0            0.000000       40.7500000000        0.0000000000        0.0000000000        0.0088424023
              0            0.000000       41.2500000000        0.0000000000        0.0000000000        0.0000000000
              0            0.000000       41.7500000000        0.0000000000        0.0000000000        0.0234282885
              0            0.000000       42.2500000000        0.0000000000        0.0000000000        0.0191734439
              0            0.000000       42.7500000000        0.0000000000        0.0000000000        0.0196402753
              0            0.000000       43.2500000000        0.0000000000        0.0000000000        0.0300763113
              0            0.000000       43.7500000000        0.0000000000        0.0000000000        0.0154764216
              0            0.000000       44.2500000000        0.0000000000        0.0000000000        0.0264478785
              0            0.000000       44.7500000000        0.0000000000        0.0000000000        0.0054459837
              0            0.000000       45.2500000000        0.0000000000        0.0000000000        0.0054838277
              0            0.000000       45.7500000000        0.0000000000        0.0000000000        0.0170149646
              0            0.000000       46.2500000000        0.0000000000        0.0000000000        0.0288895537
              0            0.000000       46.7500000000        0.0000000000        0.0000000000        0.0176964026
              0            0.000000       47.2500000000        0.0000000000        0.0000000000        0.0121531780
              0            0.000000       47.7500000000        0.0000000000        0.0000000000        0.0185387310
              0            0.000000       48.2500000000        0.0000000000        0.0000000000        0.0063382695
              0            0.000000       48.7500000000        0.0000000000        0.0000000000        0.0194075737
              0            0.000000       49.2500000000        0.0000000000        0.0000000000        0.0066333964
              0            0.000000       49.7500000000        0.0000000000        0.0000000000        0.0201709926
              0            0.000000       50.2500000000        0.0000000000        0.0000000000        0.0069253446
              0            0.000000       50.7500000000        0.0000000000        0.0000000000        0.0140158752
              0            0.000000       51.2500000000        0.0000000000        0.0000000000        0.0144416840
              0            0.000000       51.7500000000        0.0000000000        0.0000000000        0.0219300163
              0            0.000000       52.2500000000        0.0000000000        0.0000000000        0.0074687123
              0            0.000000       52.7500000000        0.0000000000        0.0000000000        0.0076645472
              0            0.000000       53.2500000000        0.0000000000        0.0000000000        0.0155200323
              0            0.000000       53.7500000000        0.0000000000        0.0000000000        0.0079646892
              0            0.000000       54.2500000000        0.0000000000        0.0000000000        0.0000000000
              0            0.000000       54.7500000000        0.0000000000        0.0000000000        0.0081923649
              0            0.000000       55.2500000000        0.0000000000        0.0000000000        0.0167121916
              0            0.000000       55.7500000000        0.0000000000        0.0000000000        0.0169670261
              0            0.000000       56.2500000000        0.0000000000        0.0000000000        0.0087678635
              0            0.000000       56.7500000000        0.0000000000        0.0000000000        0.0000000000
              0            0.000000       57.2500000000        0.0000000000        0.0000000000        0.0089614432
              0            0.000000       57.7500000000        0.0000000000        0.0000000000        0.0091260493
              0            0.000000       58.2500000000        0.0000000000        0.0000000000        0.0000000000
              0            0.000000       58.7500000000        0.0000000000        0.0000000000        0.0382846772
              0            0.000000       59.2500000000        0.0000000000        0.0000000000        0.0000000000
              0            0.000000       59.7500000000        0.0000000000        0.0000000000        0.0000000000
              0            0.000000       60.2500000000        0.0000000000        0.0000000000        0.0402981274
              0            0.000000       60.7500000000        0.0000000000        0.0000000000        0.0103117652
              0            0.000000       61.2500000000        0.0000000000        0.0000000000        0.0103991908
              0            0.000000       61.7500000000        0.0000000000        0.0000000000        0.0000000000
              0            0.000000       62.2500000000        0.0000000000        0.0000000000        0.0000000000
              0            0.000000       62.7500000000        0.0000000000        0.0000000000        0.0108792740
              0            0.000000       63.2500000000        0.0000000000        0.0000000000        0.0110763224
              0            0.000000       63.7500000000        0.0000000000        0.0000000000        0.0000000000
              0            0.000000       64.2500000000        0.0000000000        0.0000000000        0.0344543527
              0            0.000000       64.7500000000        0.0000000000        0.0000000000        0.0000000000
              0            0.000000       65.2500000000        0.0000000000        0.0000000000        0.0000000000
              0            0.000000       65.7500000000        0.0000000000        0.0000000000        0.0241754056
              0            0.000000       66.2500000000        0.0000000000        0.0000000000        0.0000000000
              0            0.000000       66.7500000000        0.0000000000        0.0000000000        0.0125317248
              0            0.000000       67.2500000000        0.0000000000        0.0000000000        0.0000000000
              0            0.000000       67.7500000000        0.0000000000        0.0000000000        0.0256250412
              0            0.000000       68.2500000000        0.0000000000        0.0000000000        0.0131421033
              0            0.000000       68.7500000000        0.0000000000        0.0000000000        0.0132717865
              0            0.000000       69.2500000000        0.0000000000        0.0000000000        0.0134983346
              0            0.000000       69.7500000000        0.0000000000        0.0000000000        0.0000000000
              0            0.000000       70.2500000000        0.0000000000        0.0000000000        0.0000000000
              0            0.000000       70.7500000000        0.0000000000        0.0000000000        0.0141509279
              0            0.000000       71.2500000000        0.0000000000        0.0000000000        0.0000000000
              0            0.000000       71.7500000000        0.0000000000        0.0000000000        0.0000000000
              0            0.000000       72.2500000000        0.0000000000        0.0000000000        0.0000000000
              0            0.000000       72.7500000000        0.0000000000        0.0000000000        0.0149937502
              0            0.000000       73.2500000000        0.0000000000        0.0000000000        0.0000000000
              0            0.000000       73.7500000000        0.0000000000        0.0000000000        0.0000000000
              0            0.000000       74.2500000000        0.0000000000        0.0000000000        0.0156165644
              0            0.000000       74.7500000000        0.0000000000        0.0000000000        0.0316975118
              0            0.000000       75.2500000000        0.0000000000        0.0000000000        0.0000000000
              0            0.000000       75.7500000000        0.0000000000        0.0000000000        0.0000000000
              0            0.000000       76.2500000000        0.0000000000        0.0000000000        0.0000000000
              0            0.000000       76.7500000000        0.0000000000        0.0000000000        0.0000000000
              0            0.000000       77.2500000000        0.0000000000        0.0000000000        0.0000000000
              0            0.000000       77.7500000000        0.0000000000        0.0000000000        0.0000000000
              0            0.000000       78.2500000000        0.0000000000        0.0000000000        0.0000000000
              0            0.000000       78.7500000000        0.0000000000        0.0000000000        0.0000000000
              0            0.000000       79.2500000000        0.0000000000        0.0000000000        0.0178969411
              0            0.000000       79.7500000000        0.0000000000        0.0000000000        0.0000000000
